254360000000000010001000000000
254360000000000010002000000000
254360000000000010003000000000
254360000000000010004000000000
254360000000000010005000000000
254360000000000010006000000000
254360000000000010007000000000
254360000000000010008000000000
254360000000000010009000000000
254360000000000010010000000000
254360000000000010011000000000
254360000000000010012000000000
254360000000000010013000000000
254360000000000010014000000000
254360000000000010015000000000
254360000000000010016000000000
254360000000000010017000000000
254360000000000010018000000000
254360000000000010019000000000
254360000000000010020000000000
254360000000000010021000000000
254360000000000010022000000000
254360000000000010023000000000
254360000000000010024000000000
254360000000000010025000000000
254360000000000010026000000000
254360000000000010027000000000
254360000000000010028000000000
254360000000000010029000000000
254360000000000010030000000000
254360000000000010031000000000
254360000000000010032000000000
254360000000000010033000000000
254360000000000010034000000000
254360000000000010035000000000
254360000000000010036000000000
254360000000000010037000000000
254360000000000010038000000000
254360000000000010039000000000
254360000000000010040000000000
254360000000000010041000000000
254360000000000010042000000000
254360000000000010043000000000
254360000000000010044000000000
254360000000000010045000000000
254360000000000010046000000000
254360000000000010047000000000
254360000000000010048000000000
254360000000000010049000000000
254360000000000010050000000000
254360000000000010051000000000
254360000000000010052000000000
254360000000000010053000000000
254360000000000010054000000000
254360000000000010055000000000
254360000000000010056000000000
254360000000000010057000000000
254360000000000010058000000000
254360000000000010059000000000
254360000000000010060000000000
254360000000000010061000000000
254360000000000010062000000000
254360000000000010063000000000
254360000000000010064000000000
254360000000000010065000000000
254360000000000010066000000000
254360000000000010067000000000
254360000000000010068000000000
254360000000000010069000000000
254360000000000010070000000000
254360000000000010071000000000
254360000000000010072000000000
254360000000000010073000000000
254360000000000010074000000000
254360000000000010075000000000
254360000000000010076000000000
254360000000000010077000000000
254360000000000010078000000000
254360000000000010079000000000
254360000000000010080000000000
254360000000000010081000000000
254360000000000010082000000000
254360000000000010083000000000
254360000000000010084000000000
254360000000000010085000000000
254360000000000010086000000000
254360000000000010087000000000
254360000000000010088000000000
254360000000000010089000000000
254360000000000010090000000000
254360000000000010091000000000
254360000000000010092000000000
254360000000000010093000000000
254360000000000010094000000000
254360000000000010095000000000
254360000000000010097000000000
254360000000000010098000000000
254360000000000010099000000000
254360000000000010100000000000
254360000000000010101000000000
254360000000000010102000000000
254360000000000010103000000000
254360000000000010104000000000
254360000000000010105000000000
254360000000000010106000000000
254360000000000010107000000000
254360000000000010108000000000
254360000000000010109000000000
254360000000000010111000000000
254360000000000010112000000000
254360000000000010113000000000
254360000000000010114000000000
254360000000000010115000000000
254360000000000010116000000000
254360000000000010117000000000
254360000000000010118000000000
254360000000000010119000000000
254360000000000010120000000000
254360000000000010121000000000
254360000000000010122000000000
254360000000000010123000000000
254360000000000010124000000000
254360000000000010125000000000
254360000000000010126000000000
254360000000000010127000000000
254360000000000010128000000000
254360000000000010129000000000
254360000000000010130000000000
254360000000000010131000000000
254360000000000010132000000000
254360000000000010133000000000
254360000000000010134000000000
254360000000000010135000000000
254360000000000010136000000000
254360000000000010137000000000
254360000000000010138000000000
254360000000000010139000000000
254360000000000010140000000000
254360000000000010141000000000
254360000000000010142000000000
254360000000000010143000000000
254360000000000010144000000000
254360000000000010145000000000
254360000000000010146000000000
254360000000000010147000000000
254360000000000010148000000000
254360000000000010149000000000
254360000000000010150000000000
254360000000000010151000000000
254360000000000010152000000000
254360000000000010153000000000
254360000000000010154000000000
254360000000000010155000000000
254360000000000010156000000000
254360000000000010157000000000
254360000000000010158000000000
254360000000000010159000000000
254360000000000010160000000000
254360000000000010161000000000
254360000000000010162000000000
254360000000000010163000000000
254360000000000010164000000000
254360000000000010165000000000
254360000000000010166000000000
254360000000000010167000000000
254360000000000010168000000000
254360000000000010169000000000
254360000000000010170000000000
254360000000000010172000000000
254360000000000010173000000000
254360000000000010174000000000
254360000000000010175000000000
254360000000000010176000000000
254360000000000010177000000000
254360000000000010178000000000
254360000000000010179000000000
254360000000000010180000000000
254360000000000010181000000000
254360000000000010182000000000
254360000000000010183000000000
254360000000000010184000000000
254360000000000010185000000000
254360000000000010186000000000
254360000000000010187000000000
254360000000000010188000000000
254360000000000010189000000000
254360000000000010190000000000
254360000000000010191000000000
254360000000000010192000000000
254360000000000010193000000000
254360000000000010194000000000
254360000000000010195000000000
254360000000000010196000000000
254360000000000010197000000000
254360000000000010198000000000
254360000000000010199000000000
254360000000000010200000000000
254360000000000010201000000000
254360000000000010202000000000
254360000000000010203000000000
254360000000000010204000000000
254360000000000010205000000000
254360000000000010206000000000
254360000000000010207000000000
254360000000000010208000000000
254360000000000010209000000000
254360000000000010210000000000
254360000000000010211000000000
254360000000000010212000000000
254360000000000010213000000000
254360000000000010214000000000
254360000000000010215000000000
254360000000000010216000000000
254360000000000010217000000000
254360000000000010218000000000
254360000000000010219000000000
254360000000000010220000000000
254360000000000010221000000000
254360000000000010222000000000
254360000000000010223000000000
254360000000000010224000000000
254360000000000010225000000000
254360000000000010226000000000
254360000000000010227000000000
254360000000000010228000000000
254360000000000010229000000000
254360000000000010230000000000
254360000000000010231000000000
254360000000000010232000000000
254360000000000010233000000000
254360000000000010234000000000
254360000000000010235000000000
254360000000000010236000000000
254360000000000010237000000000
254360000000000010238000000000
254360000000000010239000000000
254360000000000010240000000000
254360000000000010241000000000
254360000000000010242000000000
254360000000000010243000000000
254360000000000010244000000000
254360000000000010245000000000
254360000000000010246000000000
254360000000000010247000000000
254360000000000010248000000000
254360000000000010249000000000
254360000000000010250000000000
254360000000000010251000000000
254360000000000010252000000000
254360000000000010253000000000
254360000000000010254000000000
254360000000000010255000000000
254360000000000010256000000000
254360000000000010257000000000
254360000000000010258000000000
254360000000000010259000000000
254360000000000010260000000000
254360000000000010261000000000
254360000000000010262000000000
254360000000000010263000000000
254360000000000010264000000000
254360000000000010265000000000
254360000000000010266000000000
254360000000000010267000000000
254360000000000010268000000000
254360000000000010269000000000
254360000000000010270000000000
254360000000000010271000000000
254360000000000010272000000000
254360000000000010273000000000
254360000000000010274000000000
254360000000000010275000000000
254360000000000010276000000000
254360000000000010277000000000
254360000000000010278000000000
254360000000000010279000000000
254360000000000010280000000000
254360000000000010281000000000
254360000000000010282000000000
254360000000000010283000000000
254360000000000010284000000000
254360000000000010285000000000
254360000000000010286000000000
254360000000000010287000000000
254360000000000010288000000000
254360000000000010289000000000
254360000000000010290000000000
254360000000000010291000000000
254360000000000010292000000000
254360000000000010293000000000
254360000000000010294000000000
254360000000000010295000000000
254360000000000010296000000000
254360000000000010297000000000
254360000000000010298000000000
254360000000000010299000000000
254360000000000010300000000000
254360000000000010301000000000
254360000000000010302000000000
254360000000000010303000000000
254360000000000010304000000000
254360000000000010305000000000
254360000000000010306000000000
254360000000000010307000000000
254360000000000010308000000000
254360000000000010309000000000
254360000000000010310000000000
254360000000000010311000000000
254360000000000010312000000000
254360000000000010313000000000
254360000000000010314000000000
254360000000000010315000000000
254360000000000010316000000000
254360000000000010317000000000
254360000000000010318000000000
254360000000000010319000000000
254360000000000010320000000000
254360000000000010321000000000
254360000000000010322000000000
254360000000000010323000000000
254360000000000010324000000000
254360000000000010325000000000
254360000000000010326000000000
254360000000000010327000000000
254360000000000010328000000000
254360000000000010329000000000
254360000000000010330000000000
254360000000000010331000000000
254360000000000010332000000000
254360000000000010333000000000
254360000000000010334000000000
254360000000000010335000000000
254360000000000010336000000000
254360000000000010337000000000
254360000000000010338000000000
254360000000000010339000000000
254360000000000010340000000000
254360000000000010341000000000
254360000000000010345000000000
254360000000000010346000000000
254360000000000010348000000000
254360000000000010349000000000
254360000000000010350000000000
254360000000000010351000000000
254360000000000010352000000000
254360000000000010353000000000
254360000000000010354000000000
254360000000000010355000000000
254360000000000010356000000000
254360000000000010357000000000
254360000000000010358000000000
254360000000000010360000000000
254360000000000010361000000000
254360000000000010362000000000
254360000000000010364000000000
254360000000000010365000000000
254360000000000010366000000000
254360000000000010367000000000
254360000000000010368000000000
254360000000000010369000000000
254360000000000010370000000000
254360000000000010371000000000
254360000000000010372000000000
254360000000000010373000000000
254360000000000010374000000000
254360000000000010375000000000
254360000000000010376000000000
254360000000000010378000000000
254360000000000010379000000000
254360000000000010381000000000
254360000000000010382000000000
254360000000000010383000000000
254360000000000010384000000000
254360000000000010385000000000
254360000000000010386000000000
254360000000000010387000000000
254360000000000010388000000000
254360000000000010389000000000
254360000000000010390000000000
254360000000000010391000000000
254360000000000010392000000000
254360000000000010393000000000
254360000000000010394000000000
254360000000000010395000000000
254360000000000010396000000000
254360000000000010398000000000
254360000000000010400000000000
254360000000000010401000000000
254360000000000010402000000000
254360000000000010403000000000
254360000000000010404000000000
254360000000000010405000000000
254360000000000010406000000000
254360000000000010408000000000
254360000000000010409000000000
254360000000000010410000000000
254360000000000010411000000000
254360000000000010412000000000
254360000000000010413000000000
254360000000000010414000000000
254360000000000010415000000000
254360000000000010416000000000
254360000000000010417000000000
254360000000000010418000000000
254360000000000010419000000000
254360000000000010420000000000
254360000000000010421000000000
254360000000000010422000000000
254360000000000010423000000000
254360000000000010424000000000
254360000000000010425000000000
254360000000000010426000000000
254360000000000010427000000000
254360000000000010428000000000
254360000000000010429000000000
254360000000000010430000000000
254360000000000010431000000000
254360000000000010432000000000
254360000000000010433000000000
254360000000000010434000000000
254360000000000010435000000000
254360000000000010436000000000
254360000000000010437000000000
254360000000000010438000000000
254360000000000010439000000000
254360000000000010444000000000
254360000000000010445000000000
254360000000000010446000000000
254360000000000010447000000000
254360000000000010448000000000
254360000000000010449000000000
254360000000000010450000000000
254360000000000010451000000000
254360000000000010452000000000
254360000000000010453000000000
254360000000000010454000000000
254360000000000010455000000000
254360000000000010456000000000
254360000000000010457000000000
254360000000000010458000000000
254360000000000010459000000000
254360000000000010460000000000
254360000000000010461000000000
254360000000000010462000000000
254360000000000010463000000000
254360000000000010464000000000
254360000000000010465000000000
254360000000000010466000000000
254360000000000010467000000000
254360000000000010468000000000
254360000000000010469000000000
254360000000000010470000000000
254360000000000010471000000000
254360000000000010472000000000
254360000000000010473000000000
254360000000000010474000000000
254360000000000010475000000000
254360000000000010476000000000
254360000000000010477000000000
254360000000000010478000000000
254360000000000010479000000000
254360000000000010480000000000
254360000000000010481000000000
254360000000000010482000000000
254360000000000010483000000000
254360000000000010484000000000
254360000000000010485000000000
254360000000000010486000000000
254360000000000010487000000000
254360000000000010488000000000
254360000000000010489000000000
254360000000000010490000000000
254360000000000010491000000000
254360000000000010492000000000
254360000000000010493000000000
254360000000000010494000000000
254360000000000010495000000000
254360000000000010496000000000
254360000000000010497000000000
254360000000000010498000000000
254360000000000010499000000000
254360000000000010500000000000
254360000000000010501000000000
254360000000000010502000000000
254360000000000010503000000000
254360000000000010504000000000
254360000000000010505000000000
254360000000000010506000000000
254360000000000010507000000000
254360000000000010508000000000
254360000000000010509000000000
254360000000000010510000000000
254360000000000010511000000000
254360000000000010512000000000
254360000000000010513000000000
254360000000000010514000000000
254360000000000010515000000000
254360000000000010516000000000
254360000000000010517000000000
254360000000000010518000000000
254360000000000010519000000000
254360000000000010520000000000
254360000000000010521000000000
254360000000000010522000000000
254360000000000010523000000000
254360000000000010524000000000
254360000000000010525000000000
254360000000000010526000000000
254360000000000010528000000000
254360000000000010529000000000
254360000000000010530000000000
254360000000000010531000000000
254360000000000010532000000000
254360000000000010533000000000
254360000000000010534000000000
254360000000000010535000000000
254360000000000010536000000000
254360000000000010537000000000
254360000000000010538000000000
254360000000000010539000000000
254360000000000010540000000000
254360000000000010541000000000
254360000000000010542000000000
254360000000000010543000000000
254360000000000010544000000000
254360000000000010545000000000
254360000000000010546000000000
254360000000000010547000000000
254360000000000010548000000000
254360000000000010549000000000
254360000000000010550000000000
254360000000000010551000000000
254360000000000010552000000000
254360000000000010553000000000
254360000000000010554000000000
254360000000000010555000000000
254360000000000010556000000000
254360000000000010557000000000
254360000000000010558000000000
254360000000000010559000000000
254360000000000010560000000000
254360000000000010561000000000
254360000000000010562000000000
254360000000000010563000000000
254360000000000010564000000000
254360000000000010565000000000
254360000000000010566000000000
254360000000000010567000000000
254360000000000010568000000000
254360000000000010569000000000
254360000000000010570000000000
254360000000000010571000000000
254360000000000010572000000000
254360000000000010573000000000
254360000000000010574000000000
254360000000000010575000000000
254360000000000010577000000000
254360000000000010578000000000
254360000000000010579000000000
254360000000000010580000000000
254360000000000010581000000000
254360000000000010582000000000
254360000000000010583000000000
254360000000000010584000000000
254360000000000010585000000000
254360000000000010586000000000
254360000000000010587000000000
254360000000000010588000000000
254360000000000010589000000000
254360000000000010590000000000
254360000000000010591000000000
254360000000000010592000000000
254360000000000010593000000000
254360000000000010594000000000
254360000000000010595000000000
254360000000000010596000000000
254360000000000010597000000000
254360000000000010598000000000
254360000000000010599000000000
254360000000000010600000000000
254360000000000010601000000000
254360000000000010602000000000
254360000000000010603000000000
254360000000000010604000000000
254360000000000010605000000000
254360000000000010606000000000
254360000000000010607000000000
254360000000000010608000000000
254360000000000010609000000000
254360000000000010610000000000
254360000000000010611000000000
254360000000000010612000000000
254360000000000010613000000000
254360000000000010614000000000
254360000000000010615000000000
254360000000000010616000000000
254360000000000010617000000000
254360000000000010618000000000
254360000000000010619000000000
254360000000000010620000000000
254360000000000010621000000000
254360000000000010622000000000
254360000000000010623000000000
254360000000000010624000000000
254360000000000010625000000000
254360000000000010626000000000
254360000000000010627000000000
254360000000000010628000000000
254360000000000010629000000000
254360000000000010630000000000
254360000000000010631000000000
254360000000000010632000000000
254360000000000010634000000000
254360000000000010635000000000
254360000000000010636000000000
254360000000000010637000000000
254360000000000010638000000000
254360000000000010639000000000
254360000000000010640000000000
254360000000000010641000000000
254360000000000010642000000000
254360000000000010643000000000
254360000000000010644000000000
254360000000000010645000000000
254360000000000010646000000000
254360000000000010647000000000
254360000000000010648000000000
254360000000000010649000000000
254360000000000010650000000000
254360000000000010651000000000
254360000000000010652000000000
254360000000000010653000000000
254360000000000010654000000000
254360000000000010655000000000
254360000000000010656000000000
254360000000000010657000000000
254360000000000010658000000000
254360000000000010659000000000
254360000000000010660000000000
254360000000000010661000000000
254360000000000010662000000000
254360000000000010663000000000
254360000000000010664000000000
254360000000000010665000000000
254360000000000010666000000000
254360000000000010667000000000
254360000000000010668000000000
254360000000000010669000000000
254360000000000010670000000000
254360000000000010671000000000
254360000000000010672000000000
254360000000000010673000000000
254360000000000010674000000000
254360000000000010675000000000
254360000000000010676000000000
254360000000000010677000000000
254360000000000010678000000000
254360000000000010679000000000
254360000000000010680000000000
254360000000000010681000000000
254360000000000010682000000000
254360000000000010683000000000
254360000000000010684000000000
254360000000000010685000000000
254360000000000010686000000000
254360000000000010687000000000
254360000000000010688000000000
254360000000000010689000000000
254360000000000010690000000000
254360000000000010691000000000
254360000000000010692000000000
254360000000000010693000000000
254360000000000010694000000000
254360000000000010695000000000
254360000000000010696000000000
254360000000000010697000000000
254360000000000010698000000000
254360000000000010699000000000
254360000000000010700000000000
254360000000000010701000000000
254360000000000010702000000000
254360000000000010703000000000
254360000000000010704000000000
254360000000000010705000000000
254360000000000010706000000000
254360000000000010707000000000
254360000000000010708000000000
254360000000000010709000000000
254360000000000010710000000000
254360000000000010711000000000
254360000000000010712000000000
254360000000000010713000000000
254360000000000010714000000000
254360000000000010715000000000
254360000000000010716000000000
254360000000000010717000000000
254360000000000010719000000000
254360000000000010720000000000
254360000000000010721000000000
254360000000000010722000000000
254360000000000010723000000000
254360000000000010724000000000
254360000000000010725000000000
254360000000000010726000000000
254360000000000010727000000000
254360000000000010728000000000
254360000000000010729000000000
254360000000000010730000000000
254360000000000010731000000000
254360000000000010732000000000
254360000000000010733000000000
254360000000000010734000000000
254360000000000010735000000000
254360000000000010736000000000
254360000000000010737000000000
254360000000000010738000000000
254360000000000010739000000000
254360000000000010740000000000
254360000000000010741000000000
254360000000000010742000000000
254360000000000010743000000000
254360000000000010744000000000
254360000000000010745000000000
254360000000000010746000000000
254360000000000010747000000000
254360000000000010748000000000
254360000000000010749000000000
254360000000000010750000000000
254360000000000010751000000000
254360000000000010752000000000
254360000000000010754000000000
254360000000000010755000000000
254360000000000010758000000000
254360000000000010759000000000
254360000000000010760000000000
254360000000000010761000000000
254360000000000010762000000000
254360000000000010763000000000
254360000000000010764000000000
254360000000000010765000000000
254360000000000010766000000000
254360000000000010767000000000
254360000000000010768000000000
254360000000000010769000000000
254360000000000010770000000000
254360000000000010771000000000
254360000000000010772000000000
254360000000000010773000000000
254360000000000010774000000000
254360000000000010775000000000
254360000000000010776000000000
254360000000000010777000000000
254360000000000010778000000000
254360000000000010779000000000
254360000000000010780000000000
254360000000000010781000000000
254360000000000010782000000000
254360000000000010783000000000
254360000000000010784000000000
254360000000000010785000000000
254360000000000010786000000000
254360000000000010788000000000
254360000000000010789000000000
254360000000000010790000000000
254360000000000010791000000000
254360000000000010792000000000
254360000000000010793000000000
254360000000000010794000000000
254360000000000010795000000000
254360000000000010796000000000
254360000000000010797000000000
254360000000000010798000000000
254360000000000010799000000000
254360000000000010800000000000
254360000000000010801000000000
254360000000000010802000000000
254360000000000010803000000000
254360000000000010804000000000
254360000000000010805000000000
254360000000000010807000000000
254360000000000010808000000000
254360000000000010809000000000
254360000000000010810000000000
254360000000000010811000000000
254360000000000010812000000000
254360000000000010813000000000
254360000000000010814000000000
254360000000000010815000000000
254360000000000010816000000000
254360000000000010817000000000
254360000000000010818000000000
254360000000000010819000000000
254360000000000010820000000000
254360000000000010821000000000
254360000000000010823000000000
254360000000000010824000000000
254360000000000010825000000000
254360000000000010826000000000
254360000000000010827000000000
254360000000000010828000000000
254360000000000010829000000000
254360000000000010830000000000
254360000000000010831000000000
254360000000000010832000000000
254360000000000010833000000000
254360000000000010834000000000
254360000000000010835000000000
254360000000000010836000000000
254360000000000010837000000000
254360000000000010838000000000
254360000000000010839000000000
254360000000000010841000000000
254360000000000010842000000000
254360000000000020001000000000
254360000000000020002000000000
254360000000000020003000000000
254360000000000020004000000000
254360000000000020005000000000
254360000000000020006000000000
254360000000000020007000000000
254360000000000020008000000000
254360000000000020010000000000
254360000000000020011000000000
254360000000000020012000000000
254360000000000020014000000000
254360000000000020015000000000
254360000000000020016000000000
254360000000000020017000000000
254360000000000020018000000000
254360000000000020019000000000
254360000000000020020000000000
254360000000000020023000000000
254360000000000020024000000000
254360000000000020025000000000
254360000000000020026000000000
254360000000000020027000000000
254360000000000020028000000000
254360000000000020029000000000
254360000000000020030000000000
254360000000000020031000000000
254360000000000020032000000000
254360000000000020033000000000
254360000000000020034000000000
254360000000000020035000000000
254360000000000020036000000000
254360000000000020037000000000
254360000000000020038000000000
254360000000000020040000000000
254360000000000020041000000000
254360000000000020042000000000
254360000000000020043000000000
254360000000000020044000000000
254360000000000020045000000000
254360000000000020046000000000
254360000000000020047000000000
254360000000000020048000000000
254360000000000020049000000000
254360000000000020050000000000
254360000000000020051000000000
254360000000000020052000000000
254360000000000020053000000000
254360000000000020054000000000
254360000000000020055000000000
254360000000000020058000000000
254360000000000020059000000000
254360000000000020061000000000
254360000000000020062000000000
254360000000000020063000000000
254360000000000020064000000000
254360000000000020065000000000
254360000000000020066000000000
254360000000000020067000000000
254360000000000020068000000000
254360000000000020069000000000
254360000000000020070000000000
254360000000000020071000000000
254360000000000020072000000000
254360000000000020073000000000
254360000000000020074000000000
254360000000000020075000000000
254360000000000020076000000000
254360000000000020077000000000
254360000000000020078000000000
254360000000000020079000000000
254360000000000020080000000000
254360000000000020081000000000
254360000000000020082000000000
254360000000000020083000000000
254360000000000020084000000000
254360000000000020086000000000
254360000000000020087000000000
254360000000000020088000000000
254360000000000020089000000000
254360000000000020092000000000
254360000000000020093000000000
254360000000000020094000000000
254360000000000020095000000000
254360000000000020096000000000
254360000000000020097000000000
254360000000000020098000000000
254360000000000020099000000000
254360000000000020100000000000
254360000000000020101000000000
254360000000000020102000000000
254360000000000020103000000000
254360000000000020104000000000
254360000000000020105000000000
254360000000000020106000000000
254360000000000020107000000000
254360000000000020108000000000
254360000000000020110000000000
254360000000000020111000000000
254360000000000020112000000000
254360000000000020113000000000
254360000000000020114000000000
254360000000000020115000000000
254360000000000020116000000000
254360000000000020117000000000
254360000000000020118000000000
254360000000000020119000000000
254360000000000020120000000000
254360000000000020121000000000
254360000000000020122000000000
254360000000000020123000000000
254360000000000020124000000000
254360000000000020125000000000
254360000000000020126000000000
254360000000000020127000000000
254360000000000020128000000000
254360000000000020131000000000
254360000000000020132000000000
254360000000000020133000000000
254360000000000020134000000000
254360000000000020135000000000
254360000000000020136000000000
254360000000000020137000000000
254360000000000020138000000000
254360000000000020139000000000
254360000000000020140000000000
254360000000000020141000000000
254360000000000020142000000000
254360000000000020143000000000
254360000000000020144000000000
254360000000000020145000000000
254360000000000020146000000000
254360000000000020147000000000
254360000000000020148000000000
254360000000000020149000000000
254360000000000020150000000000
254360000000000020151000000000
254360000000000020152000000000
254360000000000020153000000000
254360000000000020154000000000
254360000000000020155000000000
254360000000000020156000000000
254360000000000020157000000000
254360000000000020158000000000
254360000000000020159000000000
254360000000000020161000000000
254360000000000020162000000000
254360000000000020163000000000
254360000000000020164000000000
254360000000000020165000000000
254360000000000020166000000000
254360000000000020167000000000
254360000000000020168000000000
254360000000000020169000000000
254360000000000020170000000000
254360000000000020171000000000
254360000000000020172000000000
254360000000000020173000000000
254360000000000020174000000000
254360000000000020175000000000
254360000000000020176000000000
254360000000000020177000000000
254360000000000020179000000000
254360000000000020180000000000
254360000000000020181000000000
254360000000000020182000000000
254360000000000020183000000000
254360000000000020184000000000
254360000000000020185000000000
254360000000000020186000000000
254360000000000020187000000000
254360000000000020188000000000
254360000000000020189000000000
254360000000000020190000000000
254360000000000020191000000000
254360000000000020192000000000
254360000000000020193000000000
254360000000000020194000000000
254360000000000020195000000000
254360000000000020196000000000
254360000000000020197000000000
254360000000000020198000000000
254360000000000020199000000000
254360000000000020200000000000
254360000000000020201000000000
254360000000000020202000000000
254360000000000020203000000000
254360000000000020204000000000
254360000000000020205000000000
254360000000000020206000000000
254360000000000020207000000000
254360000000000020208000000000
254360000000000020209000000000
254360000000000020210000000000
254360000000000020211000000000
254360000000000020212000000000
254360000000000020213000000000
254360000000000020214000000000
254360000000000020215000000000
254360000000000020216000000000
254360000000000020217000000000
254360000000000020218000000000
254360000000000020219000000000
254360000000000020220000000000
254360000000000020221000000000
254360000000000020222000000000
254360000000000020223000000000
254360000000000020224000000000
254360000000000020225000000000
254360000000000020226000000000
254360000000000020227000000000
254360000000000020228000000000
254360000000000020229000000000
254360000000000020230000000000
254360000000000020231000000000
254360000000000020232000000000
254360000000000020233000000000
254360000000000020234000000000
254360000000000020235000000000
254360000000000020236000000000
254360000000000020237000000000
254360000000000020238000000000
254360000000000020239000000000
254360000000000020240000000000
254360000000000020241000000000
254360000000000020242000000000
254360000000000020243000000000
254360000000000020244000000000
254360000000000020245000000000
254360000000000020246000000000
254360000000000020247000000000
254360000000000020248000000000
254360000000000020249000000000
254360000000000020250000000000
254360000000000020251000000000
254360000000000020252000000000
254360000000000020253000000000
254360000000000020254000000000
254360000000000020255000000000
254360000000000020256000000000
254360000000000020257000000000
254360000000000020259000000000
254360000000000020260000000000
254360000000000020261000000000
254360000000000020262000000000
254360000000000020263000000000
254360000000000020264000000000
254360000000000020265000000000
254360000000000020266000000000
254360000000000020267000000000
254360000000000020268000000000
254360000000000020269000000000
254360000000000020270000000000
254360000000000020271000000000
254360000000000020272000000000
254360000000000020273000000000
254360000000000020274000000000
254360000000000020275000000000
254360000000000020276000000000
254360000000000020277000000000
254360000000000020278000000000
254360000000000020279000000000
254360000000000020280000000000
254360000000000020281000000000
254360000000000020282000000000
254360000000000020283000000000
254360000000000020284000000000
254360000000000020285000000000
254360000000000020286000000000
254360000000000020287000000000
254360000000000020288000000000
254360000000000020289000000000
254360000000000020290000000000
254360000000000020291000000000
254360000000000020292000000000
254360000000000020293000000000
254360000000000020294000000000
254360000000000020295000000000
254360000000000020296000000000
254360000000000020297000000000
254360000000000020298000000000
254360000000000020299000000000
254360000000000020300000000000
254360000000000020301000000000
254360000000000020302000000000
254360000000000020303000000000
254360000000000020304000000000
254360000000000020305000000000
254360000000000020306000000000
254360000000000020308000000000
254360000000000020309000000000
254360000000000020310000000000
254360000000000020312000000000
254360000000000020313000000000
254360000000000020314000000000
254360000000000020315000000000
254360000000000020316000000000
254360000000000020317000000000
254360000000000020318000000000
254360000000000020319000000000
254360000000000020320000000000
254360000000000020321000000000
254360000000000020322000000000
254360000000000020323000000000
254360000000000020324000000000
254360000000000020325000000000
254360000000000020326000000000
254360000000000020327000000000
254360000000000020328000000000
254360000000000020329000000000
254360000000000020330000000000
254360000000000020331000000000
254360000000000020332000000000
254360000000000020333000000000
254360000000000020334000000000
254360000000000020335000000000
254360000000000020337000000000
254360000000000020338000000000
254360000000000020339000000000
254360000000000020340000000000
254360000000000020341000000000
254360000000000020342000000000
254360000000000020345000000000
254360000000000020346000000000
254360000000000020347000000000
254360000000000020348000000000
254360000000000020349000000000
254360000000000020350000000000
254360000000000020351000000000
254360000000000020352000000000
254360000000000020353000000000
254360000000000020356000000000
254360000000000020357000000000
254360000000000020358000000000
254360000000000020359000000000
254360000000000020360000000000
254360000000000020361000000000
254360000000000020362000000000
254360000000000020363000000000
254360000000000020364000000000
254360000000000020365000000000
254360000000000020366000000000
254360000000000020367000000000
254360000000000020368000000000
254360000000000020369000000000
254360000000000020370000000000
254360000000000020371000000000
254360000000000020372000000000
254360000000000020373000000000
254360000000000020374000000000
254360000000000020375000000000
254360000000000020376000000000
254360000000000020377000000000
254360000000000020378000000000
254360000000000020379000000000
254360000000000020380000000000
254360000000000020381000000000
254360000000000020382000000000
254360000000000020383000000000
254360000000000020384000000000
254360000000000020385000000000
254360000000000020386000000000
254360000000000020387000000000
254360000000000020388000000000
254360000000000020389000000000
254360000000000020390000000000
254360000000000020391000000000
254360000000000020392000000000
254360000000000020393000000000
254360000000000020394000000000
254360000000000020395000000000
254360000000000020396000000000
254360000000000020397000000000
254360000000000020398000000000
254360000000000020399000000000
254360000000000020400000000000
254360000000000020401000000000
254360000000000020402000000000
254360000000000020403000000000
254360000000000020404000000000
254360000000000020405000000000
254360000000000020407000000000
254360000000000020408000000000
254360000000000020409000000000
254360000000000020410000000000
254360000000000020411000000000
254360000000000020412000000000
254360000000000020413000000000
254360000000000020414000000000
254360000000000020415000000000
254360000000000020416000000000
254360000000000020417000000000
254360000000000020418000000000
254360000000000020419000000000
254360000000000020420000000000
254360000000000020421000000000
254360000000000020422000000000
254360000000000020423000000000
254360000000000020424000000000
254360000000000020425000000000
254360000000000020426000000000
254360000000000020427000000000
254360000000000020428000000000
254360000000000020429000000000
254360000000000020430000000000
254360000000000020431000000000
254360000000000020432000000000
254360000000000020433000000000
254360000000000020434000000000
254360000000000020435000000000
254360000000000020436000000000
254360000000000020437000000000
254360000000000020438000000000
254360000000000020439000000000
254360000000000020440000000000
254360000000000020441000000000
254360000000000020442000000000
254360000000000020443000000000
254360000000000020444000000000
254360000000000020445000000000
254360000000000020446000000000
254360000000000020447000000000
254360000000000020448000000000
254360000000000020449000000000
254360000000000020450000000000
254360000000000020451000000000
254360000000000020452000000000
254360000000000020453000000000
254360000000000020454000000000
254360000000000020455000000000
254360000000000020456000000000
254360000000000020457000000000
254360000000000020458000000000
254360000000000020459000000000
254360000000000020460000000000
254360000000000020461000000000
254360000000000020462000000000
254360000000000020463000000000
254360000000000020464000000000
254360000000000020465000000000
254360000000000020466000000000
254360000000000020467000000000
254360000000000020468000000000
254360000000000020469000000000
254360000000000020470000000000
254360000000000020471000000000
254360000000000020472000000000
254360000000000020473000000000
254360000000000020474000000000
254360000000000020475000000000
254360000000000020476000000000
254360000000000020477000000000
254360000000000020478000000000
254360000000000020479000000000
254360000000000020480000000000
254360000000000020481000000000
254360000000000020482000000000
254360000000000020483000000000
254360000000000020484000000000
254360000000000020485000000000
254360000000000020486000000000
254360000000000020487000000000
254360000000000020488000000000
254360000000000020489000000000
254360000000000020490000000000
254360000000000020491000000000
254360000000000020492000000000
254360000000000020493000000000
254360000000000020494000000000
254360000000000020495000000000
254360000000000020496000000000
254360000000000020497000000000
254360000000000020498000000000
254360000000000020499000000000
254360000000000020500000000000
254360000000000020501000000000
254360000000000020502000000000
254360000000000020503000000000
254360000000000020504000000000
254360000000000020505000000000
254360000000000020506000000000
254360000000000020507000000000
254360000000000020508000000000
254360000000000020509000000000
254360000000000020510000000000
254360000000000020511000000000
254360000000000020512000000000
254360000000000020513000000000
254360000000000020514000000000
254360000000000020515000000000
254360000000000020516000000000
254360000000000020517000000000
254360000000000020518000000000
254360000000000020521000000000
254360000000000020522000000000
254360000000000020523000000000
254360000000000020524000000000
254360000000000020525000000000
254360000000000020526000000000
254360000000000020527000000000
254360000000000020528000000000
254360000000000020529000000000
254360000000000020530000000000
254360000000000020531000000000
254360000000000020532000000000
254360000000000020533000000000
254360000000000020534000000000
254360000000000020535000000000
254360000000000020536000000000
254360000000000020537000000000
254360000000000020538000000000
254360000000000020539000000000
254360000000000020540000000000
254360000000000020542000000000
254360000000000020545000000000
254360000000000020546000000000
254360000000000020547000000000
254360000000000020548000000000
254360000000000020549000000000
254360000000000020550000000000
254360000000000020551000000000
254360000000000020552000000000
254360000000000020553000000000
254360000000000020554000000000
254360000000000020555000000000
254360000000000020556000000000
254360000000000020557000000000
254360000000000020558000000000
254360000000000020559000000000
254360000000000020560000000000
254360000000000020561000000000
254360000000000020562000000000
254360000000000020563000000000
254360000000000020564000000000
254360000000000020565000000000
254360000000000020566000000000
254360000000000020567000000000
254360000000000020568000000000
254360000000000020569000000000
254360000000000020570000000000
254360000000000020571000000000
254360000000000020572000000000
254360000000000020573000000000
254360000000000020574000000000
254360000000000020575000000000
254360000000000020576000000000
254360000000000020577000000000
254360000000000020578000000000
254360000000000020579000000000
254360000000000020580000000000
254360000000000020581000000000
254360000000000020582000000000
254360000000000020583000000000
254360000000000020584000000000
254360000000000020585000000000
254360000000000020586000000000
254360000000000020587000000000
254360000000000020588000000000
254360000000000020589000000000
254360000000000020590000000000
254360000000000020591000000000
254360000000000020592000000000
254360000000000020593000000000
254360000000000020594000000000
254360000000000020595000000000
254360000000000020596000000000
254360000000000020597000000000
254360000000000020598000000000
254360000000000020599000000000
254360000000000020600000000000
254360000000000020601000000000
254360000000000020602000000000
254360000000000020603000000000
254360000000000020604000000000
254360000000000020605000000000
254360000000000020606000000000
254360000000000020607000000000
254360000000000020608000000000
254360000000000020609000000000
254360000000000020610000000000
254360000000000020611000000000
254360000000000020612000000000
254360000000000020613000000000
254360000000000020614000000000
254360000000000020615000000000
254360000000000020616000000000
254360000000000020651000000000
254360000000000020652000000000
254360000000000020653000000000
254360000000000020654000000000
254360000000000020656000000000
254360000000000020657000000000
254360000000000020658000000000
254360000000000020659000000000
254360000000000020660000000000
254360000000000020661000000000
254360000000000020662000000000
254360000000000020663000000000
254360000000000020664000000000
254360000000000020665000000000
254360000000000020666000000000
254360000000000020667000000000
254360000000000020668000000000
254360000000000020669000000000
254360000000000020670000000000
254360000000000020671000000000
254360000000000020672000000000
254360000000000020673000000000
254360000000000020674000000000
254360000000000020675000000000
254360000000000020676000000000
254360000000000020677000000000
254360000000000020678000000000
254360000000000020679000000000
254360000000000020680000000000
254360000000000020681000000000
254360000000000020682000000000
254360000000000020683000000000
254360000000000020684000000000
254360000000000020685000000000
254360000000000020686000000000
254360000000000020687000000000
254360000000000020688000000000
254360000000000020689000000000
254360000000000020690000000000
254360000000000020691000000000
254360000000000020692000000000
254360000000000020693000000000
254360000000000020694000000000
254360000000000020695000000000
254360000000000020696000000000
254360000000000020697000000000
254360000000000020698000000000
254360000000000020699000000000
254360000000000020700000000000
254360000000000020701000000000
254360000000000020702000000000
254360000000000020703000000000
254360000000000020704000000000
254360000000000020705000000000
254360000000000020706000000000
254360000000000020707000000000
254360000000000020708000000000
254360000000000020709000000000
254360000000000020710000000000
254360000000000020711000000000
254360000000000020712000000000
254360000000000020714000000000
254360000000000020715000000000
254360000000000020716000000000
254360000000000020717000000000
254360000000000020718000000000
254360000000000020719000000000
254360000000000020720000000000
254360000000000020721000000000
254360000000000020722000000000
254360000000000020723000000000
254360000000000020724000000000
254360000000000020725000000000
254360000000000020726000000000
254360000000000020727000000000
254360000000000020728000000000
254360000000000020729000000000
254360000000000020730000000000
254360000000000020731000000000
254360000000000020732000000000
254360000000000020733000000000
254360000000000020734000000000
254360000000000020735000000000
254360000000000020737000000000
254360000000000020738000000000
254360000000000020739000000000
254360000000000020740000000000
254360000000000020741000000000
254360000000000020742000000000
254360000000000020743000000000
254360000000000020744000000000
254360000000000020745000000000
254360000000000020746000000000
254360000000000020747000000000
254360000000000020748000000000
254360000000000020749000000000
254360000000000020750000000000
254360000000000020751000000000
254360000000000020752000000000
254360000000000020756000000000
254360000000000020757000000000
254360000000000020758000000000
254360000000000020759000000000
254360000000000020760000000000
254360000000000020761000000000
254360000000000020762000000000
254360000000000020765000000000
254360000000000020768000000000
254360000000000020769000000000
254360000000000020769000000000
254360000000000020770000000000
254360000000000020771000000000
254360000000000020772000000000
254360000000000020773000000000
254360000000000020774000000000
254360000000000020775000000000
254360000000000020777000000000
254360000000000020778000000000
254360000000000020779000000000
254360000000000020780000000000
254360000000000020781000000000
254360000000000020785000000000
254360000000000020786000000000
254360000000000020787000000000
254360000000000020788000000000
254360000000000020789000000000
254360000000000020790000000000
254360000000000020792000000000
254360000000000020793000000000
254360000000000020794000000000
254360000000000020795000000000
254360000000000020796000000000
254360000000000020797000000000
254360000000000020798000000000
254360000000000020799000000000
254360000000000020801800000908
254360000000000020801800000941
254360000000000020801800000942
254360000000000020801800000943
254360000000000020801800000944
254360000000000020801800000945
254360000000000020801800000946
254360000000000020801800000947
254360000000000020801800000948
254360000000000020801800000949
254360000000000020801800000950
254360000000000020801800000951
254360000000000020801800000952
254360000000000020801800000953
254360000000000020801800000954
254360000000000020820000000000
254360000000000020821000000000
254360000000000020822000000000
254360000000000020823000000000
254360000000000020824000000000
254360000000000020826000000000
254360000000000020827000000000
254360000000000020828000000000
254360000000000020829000000000
254360000000000020830000000000
254360000000000020831000000000
254360000000000020832000000000
254360000000000020833000000000
254360000000000020834000000000
254360000000000020835000000000
254360000000000020836000000000
254360000000000020837000000000
254360000000000020838000000000
254360000000000020839000000000
254360000000000020840000000000
254360000000000020841000000000
254360000000000020842000000000
254360000000000020843000000000
254360000000000020844000000000
254360000000000020845000000000
254360000000000020847000000000
254360000000000020848000000000
254360000000000020849000000000
254360000000000020850000000000
254360000000000020851000000000
254360000000000020852000000000
254360000000000020853000000000
254360000000000020854000000000
254360000000000020855000000000
254360000000000020856000000000
254360000000000020857000000000
254360000000000020858000000000
254360000000000020859000000000
254360000000000020860000000000
254360000000000020861000000000
254360000000000020883000000000
254360000000000020884000000000
254360000000000020885000000000
254360000000000020886000000000
254360000000000020887000000000
254360000000000020888000000000
254360000000000020889000000000
254360000000000020890000000000
254360000000000020891000000000
254360000000000020892000000000
254360000000000020893000000000
254360000000000020894000000000
254360000000000020895000000000
254360000000000020896000000000
254360000000000020897000000000
254360000000000020898000000000
254360000000000020899000000000
254360000000000020900000000000
254360000000000020901000000000
254360000000000020902000000000
254360000000000020903000000000
254360000000000020904000000000
254360000000000020905000000000
254360000000000020906000000000
254360000000000020907000000000
254360000000000020909000000000
254360000000000020910000000000
254360000000000020911000000000
254360000000000020912000000000
254360000000000020913000000000
254360000000000020914000000000
254360000000000020915000000000
254360000000000020916000000000
254360000000000020917000000000
254360000000000020918000000000
254360000000000020919000000000
254360000000000020920000000000
254360000000000020921000000000
254360000000000020922000000000
254360000000000020923000000000
254360000000000020925000000000
254360000000000020926000000000
254360000000000020927000000000
254360000000000020928000000000
254360000000000020929000000000
254360000000000020930000000000
254360000000000020931000000000
254360000000000020932000000000
254360000000000020933000000000
254360000000000020934000000000
254360000000000020935000000000
254360000000000020936000000000
254360000000000020937000000000
254360000000000020938000000000
254360000000000020939000000000
254360000000000020940000000000
254360000000000020955000000000
254360000000000020960000000000
254360000000000020961000000000
254360000000000020962000000000
254360000000000020963000000000
254360000000000020964000000000
254360000000000020965000000000
254360000000000020966000000000
254360000000000020967000000000
254360000000000020968000000000
254360000000000020969000000000
254360000000000020970000000000
254360000000000020971000000000
254360000000000020972000000000
254360000000000020973000000000
254360000000000020974000000000
254360000000000020975000000000
254360000000000020976000000000
254360000000000020977000000000
254360000000000020978000000000
254360000000000020979000000000
254360000000000020980000000000
254360000000000020981000000000
254360000000000020982000000000
254360000000000020983000000000
254360000000000020984000000000
254360000000000020988000000000
254360000000000040001000000000
254360000000000040002000000000
254360000000000040003000000000
254360000000000040004000000000
254360000000000040005000000000
254360000000000040006000000000
254360000000000040007000000000
254360000000000040008000000000
254360000000000040009000000000
254360000000000040010000000000
254360000000000040011000000000
254360000000000040012000000000
254360000000000040013000000000
254360000000000040014000000000
254360000000000040015000000000
254360000000000040016000000000
254360000000000040017000000000
254360000000000040018000000000
254360000000000040019000000000
254360000000000040020000000000
254360000000000040021000000000
254360000000000040022000000000
254360000000000040023000000000
254360000000000040024000000000
254360000000000040025000000000
254360000000000040026000000000
254360000000000040027000000000
254360000000000040028000000000
254360000000000040029000000000
254360000000000040030000000000
254360000000000040031000000000
254360000000000040032000000000
254360000000000040033000000000
254360000000000040034000000000
254360000000000040035000000000
254360000000000040036000000000
254360000000000040037000000000
254360000000000040038000000000
254360000000000040039000000000
254360000000000040040000000000
254360000000000040041000000000
254360000000000040042000000000
254360000000000040043000000000
254360000000000040044000000000
254360000000000040045000000000
254360000000000040046000000000
254360000000000040047000000000
254360000000000040048000000000
254360000000000040049000000000
254360000000000040050000000000
254360000000000040051000000000
254360000000000040052000000000
254360000000000040053000000000
254360000000000040054000000000
254360000000000040055000000000
254360000000000040056000000000
254360000000000040057000000000
254360000000000040058000000000
254360000000000040059000000000
254360000000000040060000000000
254360000000000040061000000000
254360000000000040062000000000
254360000000000040063000000000
254360000000000040064000000000
254360000000000040065000000000
254360000000000040066000000000
254360000000000040067000000000
254360000000000040068000000000
254360000000000040069000000000
254360000000000040070000000000
254360000000000040071000000000
254360000000000040072000000000
254360000000000040073000000000
254360000000000040074000000000
254360000000000040075000000000
254360000000000040076000000000
254360000000000040077000000000
254360000000000040078000000000
254360000000000040079000000000
254360000000000040080000000000
254360000000000040081000000000
254360000000000040082000000000
254360000000000040083000000000
254360000000000040084000000000
254360000000000040085000000000
254360000000000040087000000000
254360000000000040088000000000
254360000000000040089000000000
254360000000000040090000000000
254360000000000040091000000000
254360000000000040092000000000
254360000000000040093000000000
254360000000000040094000000000
254360000000000040095000000000
254360000000000040096000000000
254360000000000040097000000000
254360000000000040098000000000
254360000000000040099000000000
254360000000000040100000000000
254360000000000040101000000000
254360000000000040102000000000
254360000000000040103000000000
254360000000000040104000000000
254360000000000040105000000000
254360000000000040106000000000
254360000000000040107000000000
254360000000000040108000000000
254360000000000040109000000000
254360000000000040110000000000
254360000000000040111000000000
254360000000000040112000000000
254360000000000040114000000000
254360000000000040115000000000
254360000000000040116000000000
254360000000000040117000000000
254360000000000040127000000000
254360000000000040128000000000
254360000000000040129000000000
254360000000000040130000000000
254360000000000040131000000000
254360000000000040132000000000
254360000000000040133000000000
254360000000000040134000000000
254360000000000040135000000000
254360000000000040136000000000
254360000000000040137000000000
254360000000000040138000000000
254360000000000040139000000000
254360000000000040140000000000
254360000000000040141000000000
254360000000000040142000000000
254360000000000040143000000000
254360000000000040144000000000
254360000000000040145000000000
254360000000000040146000000000
254360000000000040148000000000
254360000000000040149000000000
254360000000000040150000000000
254360000000000040151000000000
254360000000000040152000000000
254360000000000040153000000000
254360000000000040155000000000
254360000000000040157000000000
254360000000000040158000000000
254360000000000040159000000000
254360000000000040160000000000
254360000000000040161000000000
254360000000000040163000000000
254360000000000040164000000000
254360000000000040165000000000
254360000000000040166000000000
254360000000000040167000000000
254360000000000040168000000000
254360000000000040169000000000
254360000000000040170000000000
254360000000000040171000000000
254360000000000040172000000000
254360000000000040173000000000
254360000000000040174000000000
254360000000000040175000000000
254360000000000040176000000000
254360000000000040177000000000
254360000000000040178000000000
254360000000000040179000000000
254360000000000040180000000000
254360000000000040181000000000
254360000000000040182000000000
254360000000000040183000000000
254360000000000040184000000000
254360000000000040185000000000
254360000000000040186000000000
254360000000000040187000000000
254360000000000040188000000000
254360000000000040189000000000
254360000000000040190000000000
254360000000000040191000000000
254360000000000040192000000000
254360000000000040193000000000
254360000000000040194000000000
254360000000000040195000000000
254360000000000040196000000000
254360000000000040197000000000
254360000000000040198000000000
254360000000000040199000000000
254360000000000040200000000000
254360000000000040201000000000
254360000000000040202000000000
254360000000000040203000000000
254360000000000040204000000000
254360000000000040205000000000
254360000000000040206000000000
254360000000000040207000000000
254360000000000040210000000000
254360000000000040211000000000
254360000000000040212000000000
254360000000000040213000000000
254360000000000040214000000000
254360000000000040215000000000
254360000000000040216000000000
254360000000000040217000000000
254360000000000040218000000000
254360000000000040219000000000
254360000000000040220000000000
254360000000000040221000000000
254360000000000040222000000000
254360000000000040223000000000
254360000000000040224000000000
254360000000000040225000000000
254360000000000040226000000000
254360000000000040227000000000
254360000000000040228000000000
254360000000000040229000000000
254360000000000040230000000000
254360000000000040231000000000
254360000000000040232000000000
254360000000000040233000000000
254360000000000040234000000000
254360000000000040235000000000
254360000000000040236000000000
254360000000000040237000000000
254360000000000040238000000000
254360000000000040239000000000
254360000000000040240000000000
254360000000000040241000000000
254360000000000040244000000000
254360000000000040245000000000
254360000000000040246000000000
254360000000000040247000000000
254360000000000040248000000000
254360000000000040249000000000
254360000000000040250000000000
254360000000000040251000000000
254360000000000040252000000000
254360000000000040253000000000
254360000000000040254000000000
254360000000000040255000000000
254360000000000040256000000000
254360000000000040257000000000
254360000000000040258000000000
254360000000000040259000000000
254360000000000040260000000000
254360000000000040261000000000
254360000000000040262000000000
254360000000000040263000000000
254360000000000040264000000000
254360000000000040265000000000
254360000000000040266000000000
254360000000000040267000000000
254360000000000040268000000000
254360000000000040269000000000
254360000000000040270000000000
254360000000000040271000000000
254360000000000040272000000000
254360000000000040273000000000
254360000000000040275000000000
254360000000000040276000000000
254360000000000040277000000000
254360000000000040278000000000
254360000000000040279000000000
254360000000000040280000000000
254360000000000040281000000000
254360000000000040282000000000
254360000000000040283000000000
254360000000000040284000000000
254360000000000040285000000000
254360000000000040286000000000
254360000000000040287000000000
254360000000000040288000000000
254360000000000040289000000000
254360000000000040290000000000
254360000000000040291000000000
254360000000000040292000000000
254360000000000040293000000000
254360000000000040294000000000
254360000000000040295000000000
254360000000000040296000000000
254360000000000040297000000000
254360000000000040298000000000
254360000000000040299000000000
254360000000000040300000000000
254360000000000040301000000000
254360000000000040302000000000
254360000000000040303000000000
254360000000000040304000000000
254360000000000040305000000000
254360000000000040306000000000
254360000000000040307000000000
254360000000000040308000000000
254360000000000040309000000000
254360000000000040310000000000
254360000000000040311000000000
254360000000000040312000000000
254360000000000040313000000000
254360000000000040314000000000
254360000000000040315000000000
254360000000000040316000000000
254360000000000040317000000000
254360000000000040318000000000
254360000000000040319000000000
254360000000000040320000000000
254360000000000040321000000000
254360000000000040322000000000
254360000000000040323000000000
254360000000000040324000000000
254360000000000040325000000000
254360000000000040326000000000
254360000000000040327000000000
254360000000000040328000000000
254360000000000040329000000000
254360000000000040330000000000
254360000000000040331000000000
254360000000000040332000000000
254360000000000040333000000000
254360000000000040334000000000
254360000000000040335000000000
254360000000000040336000000000
254360000000000040337000000000
254360000000000040338000000000
254360000000000040339000000000
254360000000000040340000000000
254360000000000040341000000000
254360000000000040342000000000
254360000000000040343000000000
254360000000000040344000000000
254360000000000040345000000000
254360000000000040346000000000
254360000000000040347000000000
254360000000000040348000000000
254360000000000040349000000000
254360000000000040350000000000
254360000000000040351000000000
254360000000000040352000000000
254360000000000040353000000000
254360000000000040354000000000
254360000000000040355000000000
254360000000000040356000000000
254360000000000040357000000000
254360000000000040358000000000
254360000000000040359000000000
254360000000000040360000000000
254360000000000040361000000000
254360000000000040362000000000
254360000000000040363000000000
254360000000000040364000000000
254360000000000040365000000000
254360000000000040366000000000
254360000000000040367000000000
254360000000000040368000000000
254360000000000040369000000000
254360000000000040370000000000
254360000000000040371000000000
254360000000000040372000000000
254360000000000040373000000000
254360000000000040374000000000
254360000000000040375000000000
254360000000000040376000000000
254360000000000040377000000000
254360000000000040378000000000
254360000000000040379000000000
254360000000000040380000000000
254360000000000040381000000000
254360000000000040382000000000
254360000000000040383000000000
254360000000000040384000000000
254360000000000040385000000000
254360000000000040386000000000
254360000000000040387000000000
254360000000000040388000000000
254360000000000040389000000000
254360000000000040390000000000
254360000000000040391000000000
254360000000000040392000000000
254360000000000040393000000000
254360000000000040394000000000
254360000000000040395000000000
254360000000000040396000000000
254360000000000040397000000000
254360000000000040398000000000
254360000000000040399000000000
254360000000000040400000000000
254360000000000040402000000000
254360000000000040403000000000
254360000000000040404000000000
254360000000000040404000000000
254360000000000040405000000000
254360000000000040406000000000
254360000000000040407000000000
254360000000000040408000000000
254360000000000040409000000000
254360000000000040410000000000
254360000000000040411000000000
254360000000000040412000000000
254360000000000040413000000000
254360000000000040414000000000
254360000000000040416000000000
254360000000000040417000000000
254360000000000040418000000000
254360000000000040419000000000
254360000000000040421000000000
254360000000000040422000000000
254360000000000040426000000000
254360000000000040427000000000
254360000000000040428000000000
254360000000000040430000000000
254360000000000040431000000000
254360000000000040432000000000
254360000000000040434000000000
254360000000000040437000000000
254360000000000040438000000000
254360000000000040439000000000
254360000000000040440000000000
254360000000000040441000000000
254360000000000040442000000000
254360000000000040443000000000
254360000000000040447000000000
254360000000000040449000000000
254360000000000040450000000000
254360000000000040451000000000
254360000000000040452000000000
254360000000000040453000000000
254360000000000040454000000000
254360000000000040455000000000
254360000000000040456000000000
254360000000000040457000000000
254360000000000040458000000000
254360000000000040459000000000
254360000000000040460000000000
254360000000000040461000000000
254360000000000040462000000000
254360000000000040463000000000
254360000000000040464000000000
254360000000000040466000000000
254360000000000040467000000000
254360000000000040468000000000
254360000000000040469000000000
254360000000000040470000000000
254360000000000040471000000000
254360000000000040472000000000
254360000000000040473000000000
254360000000000040474000000000
254360000000000040475000000000
254360000000000040476000000000
254360000000000040477000000000
254360000000000040478000000000
254360000000000040479000000000
254360000000000040480000000000
254360000000000040481000000000
254360000000000040482000000000
254360000000000040483000000000
254360000000000040484000000000
254360000000000040485000000000
254360000000000040486000000000
254360000000000040487000000000
254360000000000040488000000000
254360000000000040489000000000
254360000000000040490000000000
254360000000000040491000000000
254360000000000040492000000000
254360000000000040493000000000
254360000000000040494000000000
254360000000000040495000000000
254360000000000040496000000000
254360000000000040498000000000
254360000000000040499000000000
254360000000000040500000000000
254360000000000040502000000000
254360000000000040503000000000
254360000000000070001000000000
254360000000000070002000000000
254360000000000070003000000000
254360000000000070004000000000
254360000000000070005000000000
254360000000000070006000000000
254360000000000070007000000000
254360000000000070008000000000
254360000000000070009000000000
254360000000000070010000000000
254360000000000070011000000000
254360000000000070012000000000
254360000000000070013000000000
254360000000000070014000000000
254360000000000070015000000000
254360000000000070016000000000
254360000000000070017000000000
254360000000000070018000000000
254360000000000070019000000000
254360000000000070020000000000
254360000000000070021000000000
254360000000000070022000000000
254360000000000070023000000000
254360000000000070024000000000
254360000000000070025000000000
254360000000000070026000000000
254360000000000070027000000000
254360000000000070028000000000
254360000000000070029000000000
254360000000000070030000000000
254360000000000070031000000000
254360000000000070032000000000
254360000000000070033000000000
254360000000000070034000000000
254360000000000070035000000000
254360000000000070036000000000
254360000000000070037000000000
254360000000000070038000000000
254360000000000070039000000000
254360000000000070040000000000
254360000000000070041000000000
254360000000000070043000000000
254360000000000070044000000000
254360000000000070045000000000
254360000000000070046000000000
254360000000000070047000000000
254360000000000070048000000000
254360000000000070049000000000
254360000000000070050000000000
254360000000000070051000000000
254360000000000070052000000000
254360000000000070053000000000
254360000000000070054000000000
254360000000000070055000000000
254360000000000070056000000000
254360000000000070057000000000
254360000000000070058000000000
254360000000000070059000000000
254360000000000070060000000000
254360000000000070061000000000
254360000000000070062000000000
254360000000000070063000000000
254360000000000070064000000000
254360000000000070065000000000
254360000000000070066000000000
254360000000000070067000000000
254360000000000070068000000000
254360000000000070069000000000
254360000000000070070000000000
254360000000000070071000000000
254360000000000070072000000000
254360000000000070073000000000
254360000000000070074000000000
254360000000000070076000000000
254360000000000070077000000000
254360000000000070078000000000
254360000000000070079000000000
254360000000000070080000000000
254360000000000070081000000000
254360000000000070082000000000
254360000000000070083000000000
254360000000000070084000000000
254360000000000070085000000000
254360000000000070086000000000
254360000000000070087000000000
254360000000000070088000000000
254360000000000070089000000000
254360000000000070090000000000
254360000000000070091000000000
254360000000000070092000000000
254360000000000070093000000000
254360000000000070094000000000
254360000000000070095000000000
254360000000000070096000000000
254360000000000070097000000000
254360000000000070098000000000
254360000000000070100000000000
254360000000000070104000000000
254360000000000070105000000000
254360000000000070106000000000
254360000000000070107000000000
254360000000000070108000000000
254360000000000070109000000000
254360000000000070110000000000
254360000000000070111000000000
254360000000000070112000000000
254360000000000070113000000000
254360000000000070114000000000
254360000000000070115000000000
254360000000000070116000000000
254360000000000070117000000000
254360000000000070118000000000
254360000000000070119000000000
254360000000000070120000000000
254360000000000070121000000000
254360000000000070122000000000
254360000000000070123000000000
254360000000000070124000000000
254360000000000070125000000000
254360000000000070126000000000
254360000000000070127000000000
254360000000000070128000000000
254360000000000070129000000000
254360000000000070130000000000
254360000000000070131000000000
254360000000000070132000000000
254360000000000070133000000000
254360000000000070134000000000
254360000000000070135000000000
254360000000000070136000000000
254360000000000070137000000000
254360000000000070138000000000
254360000000000070139000000000
254360000000000070140000000000
254360000000000070141000000000
254360000000000070142000000000
254360000000000070143000000000
254360000000000070144000000000
254360000000000070146000000000
254360000000000070147000000000
254360000000000070148000000000
254360000000000070149000000000
254360000000000070151000000000
254360000000000070152000000000
254360000000000070153000000000
254360000000000070154000000000
254360000000000070155000000000
254360000000000070156000000000
254360000000000070157000000000
254360000000000070158000000000
254360000000000070159000000000
254360000000000070160000000000
254360000000000070161000000000
254360000000000070162000000000
254360000000000070163000000000
254360000000000070164000000000
254360000000000070165000000000
254360000000000070166000000000
254360000000000070167000000000
254360000000000070168000000000
254360000000000070169000000000
254360000000000070170000000000
254360000000000070171000000000
254360000000000070174000000000
254360000000000070175000000000
254360000000000070176000000000
254360000000000070188000000000
254360000000000070191000000000
254360000000000070196000000000
254360000000000070198000000000
254360000000000070199000000000
254360000000000070200000000000
254360000000000070201000000000
254360000000000070202000000000
254360000000000070203000000000
254360000000000070204000000000
254360000000000070205000000000
254360000000000070206000000000
254360000000000070211000000000
254360000000000070212000000000
254360000000000070213000000000
254360000000000070214000000000
254360000000000070215000000000
254360000000000070216000000000
254360000000000070217000000000
254360000000000070219000000000
254360000000000070220000000000
254360000000000070221000000000
254360000000000070222000000000
254360000000000070223000000000
254360000000000070224000000000
254360000000000070225000000000
254360000000000070226000000000
254360000000000070227000000000
254360000000000070228000000000
254360000000000070232000000000
254360000000000070235000000000
254360000000000070236000000000
254360000000000070237000000000
254360000000000070238000000000
254360000000000070239000000000
254360000000000070241000000000
254360000000000070242000000000
254360000000000070243000000000
254360000000000070245000000000
254360000000000070246000000000
254360000000000070247000000000
254360000000000070248000000000
254360000000000070249000000000
254360000000000070250000000000
254360000000000070251000000000
254360000000000070253000000000
254360000000000070254000000000
254360000000000070255000000000
254360000000000070256000000000
254360000000000070257000000000
254360000000000070258000000000
254360000000000070259000000000
254360000000000070260000000000
254360000000000070261000000000
254360000000000020066000000000
254360000000000020067000000000
254360000000000020072000000000
254360000000000030004000000000
254360000000000030005000000000
254360000000000030006000000000
254360000000000240004000000000
254360000000000240005000000000